   4.3100000e-02   5.1760000e-01   7.8040000e-01
   7.4000000e-02   5.3320000e-01   7.8750000e-01
   1.0490000e-01   5.4880000e-01   7.9460000e-01
   1.3570000e-01   5.6430000e-01   8.0160000e-01
   1.6660000e-01   5.7990000e-01   8.0160000e-01
   1.9750000e-01   5.9540000e-01   8.1580000e-01
   2.2830000e-01   6.1100000e-01   8.2290000e-01
   2.5920000e-01   6.2660000e-01   8.3000000e-01
   2.9010000e-01   6.4210000e-01   8.3710000e-01
   3.2090000e-01   6.5770000e-01   8.4410000e-01
   3.5180000e-01   6.7320000e-01   8.5120000e-01
   3.8270000e-01   6.8880000e-01   8.5830000e-01
   4.1350000e-01   7.0440000e-01   8.6540000e-01
   4.4440000e-01   7.1990000e-01   8.7250000e-01
   4.7530000e-01   7.3550000e-01   8.7960000e-01
   5.0610000e-01   7.5100000e-01   8.8670000e-01
   5.3700000e-01   7.6660000e-01   8.9370000e-01
   5.6790000e-01   7.8220000e-01   9.0080000e-01
   5.9870000e-01   7.9770000e-01   9.0790000e-01
   6.2960000e-01   8.1330000e-01   9.1500000e-01
   6.6050000e-01   8.2880000e-01   9.2210000e-01
   6.9130000e-01   8.4440000e-01   9.2920000e-01
   7.2220000e-01   8.6000000e-01   9.3620000e-01
   7.5310000e-01   8.7550000e-01   9.4330000e-01
   7.8390000e-01   8.9110000e-01   9.5040000e-01
   8.1480000e-01   9.0660000e-01   9.5750000e-01
   8.4570000e-01   9.2220000e-01   9.6460000e-01
   8.7650000e-01   9.3780000e-01   9.7170000e-01
   9.0740000e-01   9.5330000e-01   9.7870000e-01
   9.3830000e-01   9.6890000e-01   9.8580000e-01
   1.0000000e+00   9.0620000e-01   9.0620000e-01
   1.0000000e+00   8.1250000e-01   8.1250000e-01
   1.0000000e+00   7.1880000e-01   7.1880000e-01
   1.0000000e+00   6.2500000e-01   6.2500000e-01
   1.0000000e+00   5.6250000e-01   5.6250000e-01
   1.0000000e+00   5.0000000e-01   5.0000000e-01
   1.0000000e+00   4.3750000e-01   4.3750000e-01
   1.0000000e+00   3.7500000e-01   3.7500000e-01
   1.0000000e+00   3.1250000e-01   3.1250000e-01
   1.0000000e+00   0.0000000e+00   0.0000000e+00
   